Dataset Name,Donated Date,Description,Dataset Characteristics,Subject Area,Associated Tasks,Feature Type,Instances,Features
Iris,6/30/1988,N/A,Tabular,Biology,Classification,Real,150,4
Heart Disease,6/30/1988,N/A,Multivariate,Health and Medicine,Classification,"Categorical, Integer, Real",303,13
Wine Quality,10/6/2009,N/A,Multivariate,Business,"Classification, Regression",Real,4898,11
Breast Cancer Wisconsin (Diagnostic),10/31/1995,N/A,Multivariate,Health and Medicine,Classification,Real,569,30
Adult,4/30/1996,N/A,Multivariate,Social Science,Classification,"Categorical, Integer",48842,14
Bank Marketing,2/13/2012,N/A,Multivariate,Business,Classification,"Categorical, Integer",45211,16
Wine,6/30/1991,N/A,Tabular,Physics and Chemistry,Classification,"Integer, Real",178,13
Student Performance,11/26/2014,N/A,Multivariate,Social Science,"Classification, Regression",Integer,649,30
Online Retail,11/5/2015,N/A,"Multivariate, Sequential, Time-Series",Business,"Classification, Clustering","Integer, Real",541909,6
Car Evaluation,5/31/1997,N/A,Multivariate,Other,Classification,Categorical,1728,6
Predict Students' Dropout and Academic Success,12/12/2021,N/A,Tabular,Social Science,Classification,"Real, Categorical, Integer",4424,36
Diabetes,N/A,N/A,"Multivariate, Time-Series",Health and Medicine,Classification,"Categorical, Integer",1,20
Automobile,5/18/1987,N/A,Multivariate,Other,Regression,"Categorical, Integer, Real",205,25
Air Quality,3/22/2016,N/A,"Multivariate, Time-Series",Computer Science,Regression,Real,9358,15
Abalone,11/30/1995,N/A,Tabular,Biology,"Classification, Regression","Categorical, Integer, Real",4177,8
Mushroom,4/26/1987,N/A,Multivariate,Biology,Classification,Categorical,8124,22
Estimation of Obesity Levels Based On Eating Habits and Physical Condition,8/26/2019,N/A,Multivariate,Health and Medicine,"Classification, Regression, Clustering",Integer,2111,16
Statlog (German Credit Data),11/16/1994,N/A,Multivariate,Social Science,Classification,"Categorical, Integer",1000,20
Human Activity Recognition Using Smartphones,12/9/2012,N/A,"Multivariate, Time-Series",Computer Science,"Classification, Clustering",-,10299,-
Default of Credit Card Clients,1/25/2016,N/A,Multivariate,Business,Classification,"Integer, Real",30000,23
Bike Sharing,12/19/2013,N/A,Multivariate,Social Science,Regression,"Integer, Real",17389,13
Auto MPG,7/6/1993,N/A,Multivariate,Other,Regression,"Real, Categorical, Integer",398,7
Spambase,6/30/1999,N/A,Multivariate,Computer Science,Classification,"Integer, Real",4601,57
Dry Bean,9/13/2020,N/A,Multivariate,Biology,Classification,"Integer, Real",13611,16
Individual Household Electric Power Consumption,8/29/2012,N/A,"Multivariate, Time-Series",Physics and Chemistry,"Regression, Clustering",Real,2075259,9
Online Retail II,9/20/2019,N/A,"Multivariate, Sequential, Time-Series, Text",Business,"Classification, Regression, Clustering","Integer, Real",1067371,-
SMS Spam Collection,6/21/2012,N/A,"Multivariate, Text, Domain-Theory",Computer Science,"Classification, Clustering",Real,5574,-
CDC Diabetes Health Indicators,Linked on 9/25/2023,N/A,"Tabular, Multivariate",Health and Medicine,Classification,"Categorical, Integer",253680,21
Breast Cancer Wisconsin (Original),7/14/1992,N/A,Multivariate,Health and Medicine,Classification,Integer,699,9
MAGIC Gamma Telescope,4/30/2007,N/A,Multivariate,Physics and Chemistry,Classification,Real,19020,10
Breast Cancer,7/10/1988,N/A,Multivariate,Health and Medicine,Classification,Categorical,286,9
Online Shoppers Purchasing Intention Dataset,8/30/2018,N/A,Multivariate,Business,"Classification, Clustering","Integer, Real",12330,17
Forest Fires,2/28/2008,N/A,Multivariate,Climate and Environment,Regression,Real,517,12
Credit Approval,N/A,N/A,Multivariate,Business,Classification,"Categorical, Integer, Real",690,15
Census Income,4/30/1996,N/A,Multivariate,Social Science,Classification,"Categorical, Integer",48842,14
Heart Failure Clinical Records,2/4/2020,N/A,Multivariate,Health and Medicine,"Classification, Regression, Clustering","Integer, Real",299,12
Diabetes 130-US Hospitals for Years 1999-2008,5/2/2014,N/A,Multivariate,Health and Medicine,"Classification, Clustering","Categorical, Integer",101766,47
Real Estate Valuation,8/17/2018,N/A,Multivariate,Business,Regression,"Integer, Real",414,6
Rice (Cammeo and Osmancik),10/5/2019,N/A,Multivariate,Biology,Classification,Real,3810,7
Thyroid Disease,12/31/1986,N/A,"Multivariate, Domain-Theory",Health and Medicine,Classification,"Categorical, Real",7200,5
Chronic Kidney Disease,7/2/2015,N/A,Multivariate,Other,Classification,Real,400,24
Energy Efficiency,11/29/2012,N/A,Multivariate,Computer Science,"Classification, Regression","Integer, Real",768,8
Wholesale customers,3/30/2014,N/A,Multivariate,Business,"Classification, Clustering",Integer,440,7
Glass Identification,8/31/1987,N/A,Multivariate,Physics and Chemistry,Classification,Real,214,9
Concrete Compressive Strength,8/2/2007,N/A,Multivariate,Physics and Chemistry,Regression,Real,1030,8
Seoul Bike Sharing Demand,2/29/2020,N/A,Multivariate,Business,Regression,"Integer, Real",8760,13
AI4I 2020 Predictive Maintenance Dataset,8/29/2020,N/A,"Multivariate, Time-Series",Computer Science,"Classification, Regression, Causal-Discovery",Real,10000,6
Optical Recognition of Handwritten Digits,6/30/1998,N/A,Multivariate,Computer Science,Classification,Integer,5620,64
Seeds,9/28/2012,N/A,Multivariate,Biology,"Classification, Clustering",Real,210,-
Banknote Authentication,4/15/2013,N/A,Multivariate,Computer Science,Classification,Real,1372,4
Parkinsons,6/25/2008,N/A,Multivariate,Health and Medicine,Classification,Real,197,22
ElectricityLoadDiagrams20112014,3/12/2015,N/A,Time-Series,Computer Science,"Regression, Clustering",Real,370,140256
Zoo,5/14/1990,N/A,Multivariate,Biology,Classification,"Categorical, Integer",101,16
Higher Education Students Performance Evaluation,8/14/2023,N/A,Multivariate,Social Science,Classification,Integer,145,31
Appliances Energy Prediction,2/14/2017,N/A,"Multivariate, Time-Series",Computer Science,Regression,Real,19735,28
Phishing Websites,3/25/2015,N/A,Tabular,Computer Science,Classification,Integer,11055,30
Lung Cancer,4/30/1992,N/A,Multivariate,Health and Medicine,Classification,Integer,32,56
Apartment for Rent Classified,12/25/2019,N/A,Multivariate,Business,"Classification, Regression, Clustering","Categorical, Integer",10000,21
Covertype,7/31/1998,N/A,Multivariate,Biology,Classification,"Categorical, Integer",581012,54
Communities and Crime,7/12/2009,N/A,Multivariate,Social Science,Regression,Real,1994,127
Computer Hardware,9/30/1987,N/A,Multivariate,Computer Science,Regression,Integer,209,10
Online News Popularity,5/30/2015,N/A,Multivariate,Business,"Classification, Regression","Integer, Real",39797,58
Productivity Prediction of Garment Employees,8/2/2020,N/A,"Multivariate, Time-Series",Business,"Classification, Regression","Integer, Real",1197,14
Liver Disorders,5/14/1990,N/A,Multivariate,Health and Medicine,Regression,"Categorical, Integer, Real",345,5
Letter Recognition,12/31/1990,N/A,Multivariate,Computer Science,Classification,Integer,20000,16
Early Stage Diabetes Risk Prediction,7/11/2020,N/A,Multivariate,Computer Science,Classification,"Categorical, Integer",520,16
National Poll on Healthy Aging (NPHA),12/5/2023,N/A,Tabular,Health and Medicine,Classification,Categorical,714,14
Hepatitis,10/31/1988,N/A,Multivariate,Health and Medicine,Classification,"Categorical, Integer, Real",155,19
Combined Cycle Power Plant,3/25/2014,N/A,Multivariate,Computer Science,Regression,Real,9568,4
Drug Consumption (Quantified),10/16/2016,N/A,Multivariate,Social Science,Classification,Real,1885,12
Raisin,8/13/2023,N/A,Multivariate,Biology,Classification,"Real, Integer",900,7
WESAD (Wearable Stress and Affect Detection),Linked on 9/13/2018,N/A,"Multivariate, Time-Series",Computer Science,"Classification, Regression",Real,63000000,-
Maternal Health Risk,8/14/2023,N/A,Multivariate,Health and Medicine,Classification,"Real, Integer",1013,6
Myocardial infarction complications,12/8/2020,N/A,Multivariate,Health and Medicine,Classification,Real,1700,111
PhiUSIIL Phishing URL (Website),3/3/2024,N/A,Tabular,Computer Science,Classification,"Real, Categorical, Integer",235795,54
Sentiment Labelled Sentences,5/29/2015,N/A,Text,Other,Classification,-,3000,-
RT-IoT2022,1/4/2024,N/A,"Tabular, Sequential, Multivariate",Engineering,"Classification, Regression, Clustering","Real, Categorical",123117,83
Ionosphere,12/31/1988,N/A,Multivariate,Physics and Chemistry,Classification,"Integer, Real",351,34
Parkinsons Telemonitoring,10/28/2009,N/A,Tabular,Health and Medicine,Regression,"Integer, Real",5875,19
Internet Advertisements,6/30/1998,N/A,Multivariate,Computer Science,Classification,"Categorical, Integer, Real",3279,1558
AIDS Clinical Trials Group Study 175,Linked on 9/25/2023,N/A,"Tabular, Multivariate",Health and Medicine,"Classification, Regression","Categorical, Integer",2139,23
National Health and Nutrition Health Survey 2013-2014 (NHANES) Age Prediction Subset,9/21/2023,N/A,Tabular,Health and Medicine,Classification,"Real, Categorical, Integer",6287,7
Secondary Mushroom,8/13/2023,N/A,Tabular,Biology,Classification,Real,61068,20
Iranian Churn,4/8/2020,N/A,Multivariate,Business,"Classification, Regression",Integer,3150,13
Cirrhosis Patient Survival Prediction,9/11/2023,N/A,Tabular,Health and Medicine,Classification,"Real, Categorical",418,17
Water Quality Prediction,5/14/2022,N/A,Other,Computer Science,Regression,-,705,-
"Connectionist Bench (Sonar, Mines vs. Rocks)",N/A,N/A,Multivariate,Physics and Chemistry,Classification,Real,208,60
Assessing Mathematics Learning in Higher Education,7/10/2024,N/A,Tabular,Engineering,"Classification, Regression, Clustering","Real, Categorical, Integer",9546,8
Tic-Tac-Toe Endgame,8/18/1991,N/A,Multivariate,Games,Classification,Categorical,958,9
ILPD (Indian Liver Patient Dataset),5/20/2012,N/A,Multivariate,Health and Medicine,Classification,"Integer, Real",583,10
Cervical Cancer (Risk Factors),3/2/2017,N/A,Multivariate,Health and Medicine,Classification,"Integer, Real",858,36
Risk Factor Prediction of Chronic Kidney Disease,8/14/2023,N/A,Multivariate,Health and Medicine,"Classification, Regression",Real,200,28
Absenteeism at work,4/4/2018,N/A,"Multivariate, Time-Series",Business,"Classification, Clustering","Integer, Real",740,19
HCV data,6/9/2020,N/A,Multivariate,Health and Medicine,"Classification, Clustering","Integer, Real",615,12
Arrhythmia,12/31/1997,N/A,Multivariate,Health and Medicine,Classification,"Categorical, Integer, Real",452,279
Taiwanese Bankruptcy Prediction,6/27/2020,N/A,Multivariate,Business,Classification,Integer,6819,95
Clickstream Data for Online Shopping,12/8/2019,N/A,"Multivariate, Sequential",Business,"Classification, Regression, Clustering","Integer, Real",165474,14
MetroPT-3 Dataset,3/21/2023,N/A,"Tabular, Multivariate, Time-Series",Computer Science,Classification,Real,1516948,15
Regensburg Pediatric Appendicitis,Linked on 12/6/2023,N/A,"Tabular, Image",Health and Medicine,Classification,"Real, Categorical, Integer",782,53
Statlog (Heart),N/A,N/A,Multivariate,Health and Medicine,Classification,"Categorical, Real",270,13
Land Mines,12/19/2022,N/A,"Tabular, Multivariate, Other",Engineering,"Classification, Clustering","Real, Integer",338,3
Travel Reviews,12/18/2018,N/A,"Multivariate, Text",Other,"Classification, Clustering",Real,980,10
EEG Database,10/12/1999,N/A,"Multivariate, Time-Series",Health and Medicine,Classification,"Categorical, Integer, Real",122,-
Glioma Grading Clinical and Mutation Features,12/13/2022,N/A,"Tabular, Multivariate",Health and Medicine,"Classification, Other","Real, Categorical, Integer",839,23
Traffic Flow Forecasting,6/17/2021,N/A,Multivariate,Engineering,Regression,-,2101,-
Poker Hand,12/31/2006,N/A,Multivariate,Games,Classification,"Categorical, Integer",1025010,10
Yeast,8/31/1996,N/A,Multivariate,Biology,Classification,Real,1484,8
Room Occupancy Estimation,8/15/2023,N/A,"Multivariate, Time-Series",Computer Science,Classification,Real,10129,18
Differentiated Thyroid Cancer Recurrence,10/30/2023,N/A,Tabular,Health and Medicine,Classification,"Real, Categorical, Integer",383,16
Product Classification and Clustering,8/6/2023,N/A,"Tabular, Text",Business,"Classification, Clustering, Other","Categorical, Integer",35311,7
Fertility,1/16/2013,N/A,Multivariate,Health and Medicine,"Classification, Regression",Real,100,9
TCGA Kidney Cancers,Linked on 9/25/2023,N/A,"Tabular, Multivariate",Health and Medicine,"Classification, Clustering",Real,1024,60660
SUPPORT2,Linked on 9/14/2023,N/A,"Tabular, Multivariate",Health and Medicine,"Classification, Regression, Other","Real, Categorical, Integer",9105,42
Beijing Multi-Site Air Quality,9/19/2019,N/A,"Multivariate, Time-Series",Climate and Environment,Regression,"Integer, Real",420768,-
Congressional Voting Records,4/26/1987,N/A,Multivariate,Social Science,Classification,Categorical,435,16
Algerian Forest Fires,10/21/2019,N/A,Multivariate,Biology,"Classification, Regression",Real,244,14
Nursery,5/31/1997,N/A,Multivariate,Social Science,Classification,Categorical,12960,8
Dermatology,12/31/1997,N/A,Multivariate,Health and Medicine,Classification,"Categorical, Integer",366,34
Polish Companies Bankruptcy,4/10/2016,N/A,Multivariate,Business,Classification,Real,10503,65
Infrared Thermography Temperature,Linked on 11/20/2023,N/A,Tabular,Health and Medicine,Regression,"Real, Categorical",1020,33
Metro Interstate Traffic Volume,5/6/2019,N/A,"Multivariate, Sequential, Time-Series",Other,Regression,"Integer, Real",48204,8
DARWIN,5/11/2022,N/A,Tabular,Health and Medicine,Classification,-,174,451
Statlog (Australian Credit Approval),N/A,N/A,Multivariate,Business,Classification,"Categorical, Integer, Real",690,14
SECOM,11/18/2008,N/A,Multivariate,Computer Science,"Classification, Causal-Discovery",Real,1567,591
PAMAP2 Physical Activity Monitoring,8/5/2012,N/A,"Multivariate, Time-Series",Computer Science,Classification,Real,3850505,-
Cardiotocography,9/6/2010,N/A,Multivariate,Health and Medicine,Classification,Real,2126,21
Balance Scale,4/21/1994,N/A,Multivariate,Social Science,Classification,Categorical,625,4
Breast Cancer Wisconsin (Prognostic),11/30/1995,N/A,Multivariate,Health and Medicine,"Classification, Regression",Real,198,33
In-Vehicle Coupon Recommendation,9/14/2020,N/A,Multivariate,Business,Classification,"Categorical, Integer",12684,25
Breast Cancer Coimbra,3/5/2018,N/A,Multivariate,Health and Medicine,Classification,Integer,116,9
MHEALTH,12/6/2014,N/A,"Multivariate, Time-Series",Computer Science,Classification,Real,120,-
Solar Flare,2/28/1989,N/A,Multivariate,Physics and Chemistry,Regression,Categorical,1389,10
Blood Transfusion Service Center,10/2/2008,N/A,Multivariate,Business,Classification,Real,748,4
Daily and Sports Activities,7/7/2013,N/A,"Multivariate, Time-Series",Computer Science,"Classification, Clustering",Real,9120,5625
Bar Crawl: Detecting Heavy Drinking,2/23/2020,N/A,"Multivariate, Time-Series",Health and Medicine,"Classification, Regression",Real,14057567,15
Facebook Metrics,8/4/2016,N/A,Multivariate,Business,Regression,Integer,500,18
Sales Transactions Weekly,7/15/2017,N/A,"Multivariate, Time-Series",Business,Clustering,"Integer, Real",811,106
Movie,7/6/1999,N/A,"Multivariate, Relational",Other,-,-,10000,-
Steel Industry Energy Consumption,8/13/2023,N/A,Multivariate,Physics and Chemistry,Regression,"Real, Categorical",35040,9
Autism Screening Adult,12/23/2017,N/A,-,Social Science,Classification,Integer,704,20
Ecoli,8/31/1996,N/A,Multivariate,Biology,Classification,Real,336,7
detection_of_IoT_botnet_attacks_N_BaIoT,3/18/2018,N/A,"Multivariate, Sequential",Computer Science,"Classification, Clustering",Real,7062606,-
Large-scale Wave Energy Farm,9/16/2023,N/A,Multivariate,Engineering,Regression,Real,63600,149
Daily Demand Forecasting Orders,11/20/2017,N/A,Time-Series,Business,Regression,Integer,60,12
HIGGS,2/11/2014,N/A,-,Physics and Chemistry,Classification,Real,11000000,-
gene expression cancer RNA-Seq,6/8/2016,N/A,Multivariate,Biology,"Classification, Clustering",Real,801,20531
Multivariate Gait Data,12/14/2022,N/A,"Sequential, Multivariate, Time-Series",Health and Medicine,"Classification, Regression, Clustering","Real, Categorical, Integer",181800,7
Power Consumption of Tetouan City,8/13/2023,N/A,"Multivariate, Time-Series",Social Science,Regression,"Real, Integer",52417,6
Website Phishing,11/1/2016,N/A,Multivariate,Computer Science,Classification,Integer,1353,9
Image Segmentation,10/31/1990,N/A,Multivariate,Other,Classification,Real,2310,19
Parkinson's Disease Classification,11/4/2018,N/A,Multivariate,Computer Science,Classification,"Integer, Real",756,754
Condition monitoring of hydraulic systems,4/25/2018,N/A,"Multivariate, Time-Series",Computer Science,"Classification, Regression",Real,2205,43680
Facebook Live Sellers in Thailand,4/21/2019,N/A,Multivariate,Business,Clustering,Integer,7051,11
Beijing PM2.5,1/18/2017,N/A,"Multivariate, Time-Series",Climate and Environment,Regression,"Integer, Real",43824,11
Soybean (Large),7/10/1988,N/A,Multivariate,Biology,Classification,Categorical,307,35
EEG Eye State,6/9/2013,N/A,"Multivariate, Sequential, Time-Series",Health and Medicine,Classification,"Integer, Real",14980,14
Gender by Name,3/14/2020,N/A,Text,Social Science,"Classification, Clustering",-,147270,4
Insurance Company Benchmark (COIL 2000),7/2/2000,N/A,Multivariate,Social Science,"Regression, Description","Categorical, Integer",9000,-
Steel Plates Faults,10/25/2010,N/A,Multivariate,Physics and Chemistry,Classification,"Integer, Real",1941,27
Ozone Level Detection,4/20/2008,N/A,"Multivariate, Sequential, Time-Series",Climate and Environment,Classification,Real,2536,72
Vertebral Column,8/8/2011,N/A,Multivariate,Health and Medicine,Classification,Real,310,6
South German Credit,6/19/2020,N/A,Multivariate,Business,"Classification, Regression, Clustering","Integer, Real",1000,21
KDD Cup 1999 Data,12/31/1998,N/A,Multivariate,Computer Science,Classification,"Categorical, Integer",4000000,-
Electrical Grid Stability Simulated Data,11/15/2018,N/A,Multivariate,Physics and Chemistry,"Classification, Regression",Real,10000,12
Superconductivty Data,10/11/2018,N/A,Multivariate,Physics and Chemistry,Regression,Real,21263,81
Stock Portfolio Performance,4/21/2016,N/A,Multivariate,Business,Regression,Real,315,12
Bosch CNC Machining Dataset,Linked on 11/9/2022,N/A,"Multivariate, Time-Series",Engineering,"Classification, Clustering",Real,2700,3
Pedestrians in Traffic,7/3/2019,N/A,"Multivariate, Sequential, Time-Series",Computer Science,"Classification, Regression, Causal-Discovery",Real,4760,14
Student Academics Performance,9/15/2018,N/A,Multivariate,Computer Science,Classification,-,300,22
Census-Income (KDD),3/6/2000,N/A,Multivariate,Social Science,Classification,"Categorical, Integer",299285,41
NASA Flood Extent Detection,Linked on 1/6/2023,N/A,Image,Physical Science,Classification,Real,50000,-
Lenses,7/31/1990,N/A,Multivariate,Other,Classification,Categorical,24,3
MNIST Database of Handwritten Digits,Linked on 10/16/2021,N/A,Image,Other,Classification,Real,70000,-
Plants,12/30/2008,N/A,Multivariate,Biology,Clustering,Categorical,34781,70
Airfoil Self-Noise,3/3/2014,N/A,Multivariate,Physics and Chemistry,Regression,Real,1503,5
Horse Colic,8/5/1989,N/A,Multivariate,Biology,Classification,"Categorical, Integer, Real",368,27
Pen-Based Recognition of Handwritten Digits,6/30/1998,N/A,Multivariate,Computer Science,Classification,Integer,10992,16
Hepatitis C Virus (HCV) for Egyptian patients,9/29/2019,N/A,Multivariate,Health and Medicine,Classification,Real,1385,28
Kitsune Network Attack,10/15/2019,N/A,"Multivariate, Sequential, Time-Series",Computer Science,"Classification, Clustering, Causal-Discovery",Real,27170754,7
CMU Face Images,6/23/1999,N/A,Image,Other,Classification,Integer,640,-
Gas Turbine CO and NOx Emission Data Set,11/28/2019,N/A,Multivariate,Computer Science,"Regression, Clustering",Real,36733,12
Drug Reviews (Druglib.com),10/1/2018,N/A,"Multivariate, Text",Health and Medicine,"Classification, Regression, Clustering",Integer,4143,8
Dow Jones Index,10/22/2014,N/A,Time-Series,Business,"Classification, Clustering","Integer, Real",750,15
EMG Data for Gestures,1/6/2019,N/A,Time-Series,Health and Medicine,Classification,Real,30000,-
Travel Review Ratings,12/18/2018,N/A,"Multivariate, Text",Other,"Classification, Clustering",Real,5456,24
Mammographic Mass,10/28/2007,N/A,Multivariate,Health and Medicine,Classification,Integer,961,5
Basketball dataset,7/1/2019,N/A,Time-Series,Games,Classification,Integer,10000,7
Heterogeneity Activity Recognition,10/25/2015,N/A,"Multivariate, Time-Series",Computer Science,"Classification, Clustering",Real,43930257,-
Micro Gas Turbine Electrical Energy Prediction,4/23/2024,N/A,"Sequential, Multivariate, Time-Series",Engineering,Regression,Real,71225,1
Contraceptive Method Choice,7/6/1997,N/A,Multivariate,Health and Medicine,Classification,"Categorical, Integer",1473,9
Hierarchical Sales Data,7/2/2021,N/A,Time-Series,Engineering,"Clustering, Other",-,1798,237
Recipe Reviews and User Feedback,10/23/2023,N/A,"Tabular, Other",Computer Science,"Classification, Other","Real, Categorical, Integer",18182,15
Single Elder Home Monitoring: Gas and Position,5/27/2023,N/A,Tabular,Engineering,Classification,Real,444631,10
Rice Leaf Diseases,4/13/2019,N/A,Multivariate,Computer Science,Classification,Integer,120,-
Flags,5/14/1990,N/A,Multivariate,Other,Classification,"Categorical, Integer",194,30
Cervical Cancer Behavior Risk,7/16/2019,N/A,"Multivariate, Univariate",Health and Medicine,"Classification, Clustering",Integer,72,19
Autistic Spectrum Disorder Screening Data for Children,12/23/2017,N/A,Multivariate,Health and Medicine,Classification,Integer,292,20
ISTANBUL STOCK EXCHANGE,5/31/2013,N/A,"Multivariate, Univariate, Time-Series",Business,"Classification, Regression",Real,536,10
Air quality,7/21/2016,N/A,"Multivariate, Time-Series",Other,Regression,Real,9358,15
Balloons,N/A,N/A,Multivariate,Social Science,Classification,Categorical,16,4
Echocardiogram,2/27/1989,N/A,Multivariate,Health and Medicine,Classification,"Categorical, Integer, Real",132,9
Traffic Flow Forecasting,5/14/2022,N/A,Other,Computer Science,Regression,-,2101,-
Year Prediction MSD,2/6/2011,N/A,Multivariate,Other,Regression,Real,515345,-
Occupancy Detection,2/28/2016,N/A,"Multivariate, Time-Series",Computer Science,Classification,Real,20560,6
Communities and Crime Unnormalized,3/1/2011,N/A,Multivariate,Social Science,Regression,Real,2215,125
Amazon Commerce Reviews,6/10/2011,N/A,"Multivariate, Text, Domain-Theory",Other,Classification,Real,1500,10000
Educational Process Mining (EPM): A Learning Analytics Data Set,9/23/2015,N/A,"Multivariate, Sequential, Time-Series",Computer Science,"Classification, Regression, Clustering",Integer,230318,-
MOVER: Medical Informatics Operating Room Vitals and Events Repository,Linked on 9/8/2023,N/A,"Tabular, Sequential, Multivariate, Time-Series",Health and Medicine,"Classification, Regression, Clustering, Other",-,83468,-
Sepsis Survival Minimal Clinical Records,7/9/2023,N/A,Multivariate,Health and Medicine,Classification,Integer,110341,3
OPPORTUNITY Activity Recognition,6/8/2012,N/A,"Multivariate, Time-Series",Computer Science,Classification,Real,2551,-
Connect-4,2/3/1995,N/A,"Multivariate, Spatial",Games,Classification,Categorical,67557,42
Mice Protein Expression,8/3/2015,N/A,Multivariate,Biology,"Classification, Clustering",Real,1080,80
Paper Reviews,10/22/2017,N/A,Text,Computer Science,"Classification, Regression",Integer,405,10
RealWaste,10/17/2023,N/A,Image,Computer Science,Classification,-,4752,-
South German Credit,11/28/2019,N/A,Multivariate,Business,"Classification, Regression, Clustering","Integer, Real",1000,21
Haberman's Survival,3/3/1999,N/A,Multivariate,Health and Medicine,Classification,Integer,306,3
Bone marrow transplant: children,4/20/2020,N/A,Multivariate,Health and Medicine,"Classification, Regression","Integer, Real",187,36
Statlog (Landsat Satellite),2/12/1993,N/A,Multivariate,Climate and Environment,Classification,Integer,6435,36
HARTH,2/20/2023,N/A,"Multivariate, Time-Series",Computer Science,Classification,Real,6461328,8
DeFungi,1/28/2023,N/A,Image,Computer Science,Classification,Real,9114,-
Diabetic Retinopathy Debrecen,11/2/2014,N/A,Multivariate,Health and Medicine,Classification,"Integer, Real",1151,19
Student Performance on an Entrance Examination,12/9/2018,N/A,Multivariate,Computer Science,Classification,-,666,11
YouTube Spam Collection,3/25/2017,N/A,Text,Computer Science,Classification,-,1956,3
News Popularity in Multiple Social Media Platforms,2/19/2018,N/A,"Multivariate, Time-Series, Text",Computer Science,Regression,"Integer, Real",93239,-
PPG-DaLiA,7/29/2019,N/A,"Multivariate, Time-Series",Computer Science,Regression,Real,8300000,-
Bag of Words,3/11/2008,N/A,Text,Other,Clustering,Integer,8000000,100000
Jute Pest,11/17/2023,N/A,Image,Biology,"Classification, Other",Categorical,7235,17
Statlog (Shuttle),N/A,N/A,Multivariate,Physics and Chemistry,Classification,Integer,58000,7
HAR70+,2/22/2023,N/A,"Multivariate, Time-Series",Computer Science,Classification,Real,2259597,6
Statlog (Vehicle Silhouettes),N/A,N/A,Multivariate,Other,Classification,Integer,946,18
HTRU2,2/13/2017,N/A,Multivariate,Physics and Chemistry,"Classification, Clustering",Real,17898,8
Cuff-Less Blood Pressure Estimation,7/26/2015,N/A,Multivariate,Health and Medicine,"Classification, Regression",Real,12000,-
Smartphone Dataset for Anomaly Detection in Crowds,7/4/2021,N/A,Time-Series,Computer Science,Classification,-,14221,-
FMA: A Dataset For Music Analysis,5/23/2017,N/A,"Multivariate, Time-Series",Computer Science,"Classification, Clustering",Real,106574,-
Incident management process enriched event log,7/13/2019,N/A,"Multivariate, Sequential",Business,"Regression, Clustering",Integer,141712,36
US Census Data (1990),N/A,N/A,Multivariate,Social Science,Clustering,Categorical,2458285,68
User Knowledge Modeling,6/25/2013,N/A,Multivariate,Computer Science,"Classification, Clustering",Integer,403,5
Forty Soybean Cultivars from Subsequent Harvests,10/28/2023,N/A,Tabular,Other,"Classification, Regression, Clustering, Other","Real, Categorical, Integer",320,11
Parkinson's Speech with Multiple Types of Sound Recordings,6/11/2014,N/A,Multivariate,Health and Medicine,"Classification, Regression","Integer, Real",1040,-
Gas Sensor Array Drift at Different Concentrations,10/22/2013,N/A,"Multivariate, Time-Series",Computer Science,"Classification, Regression, Clustering, Causa",Real,13910,128
ImageNet,Linked on 11/26/2021,N/A,Image,Computer Science,Classification,-,14000000,-
Thoracic Surgery Data,11/12/2013,N/A,Multivariate,Health and Medicine,Classification,"Integer, Real",470,16
Skin Segmentation,7/16/2012,N/A,Univariate,Computer Science,Classification,Real,245057,3
WISDM Smartphone and Smartwatch Activity and Biometrics Dataset,10/5/2019,N/A,"Multivariate, Time-Series",Computer Science,Classification,Real,15630426,6
Reuters-21578 Text Categorization Collection,9/25/1997,N/A,Text,Business,Classification,Categorical,21578,5
Physical Therapy Exercises,5/7/2022,N/A,Time-Series,Engineering,"Classification, Clustering, Other",-,268881,-
Residential Building,2/18/2018,N/A,Multivariate,Computer Science,Regression,Real,372,-
Palmer Penguins,Linked on 11/14/2021,N/A,Tabular,Biology,Classification,-,344,-
UJIIndoorLoc,9/17/2014,N/A,Multivariate,Computer Science,"Classification, Regression","Integer, Real",21048,-
Alcohol QCM Sensor,7/21/2019,N/A,Multivariate,Computer Science,"Classification, Regression, Clustering",Real,125,8
Tennis Major Tournament Match Statistics,5/31/2014,N/A,Multivariate,Other,"Classification, Regression, Clustering","Integer, Real",127,42
Twenty Newsgroups,9/8/1999,N/A,Text,Other,-,-,20000,-
Dota2 Games Results,8/13/2016,N/A,Multivariate,Games,Classification,-,102944,115
Concrete Slump Test,4/29/2009,N/A,Multivariate,Computer Science,Regression,Real,103,-
Divorce Predictors data set,7/23/2019,N/A,"Multivariate, Univariate",Social Science,Classification,Integer,170,54
Multiple Features,N/A,N/A,Multivariate,Computer Science,Classification,"Integer, Real",2000,-
CIFAR-10,Linked on 11/24/2021,N/A,Image,Computer Science,Classification,-,60000,-
Primary Tumor,10/31/1988,N/A,Multivariate,Health and Medicine,Classification,Categorical,339,17
NATICUSdroid (Android Permissions),4/24/2022,N/A,Tabular,Computer Science,Classification,-,29333,86
Condition Based Maintenance of Naval Propulsion Plants,9/10/2014,N/A,Multivariate,Computer Science,Regression,Real,11934,-
Japanese Credit Screening,3/18/1992,N/A,"Multivariate, Domain-Theory",Business,Classification,"Categorical, Real, Integer",125,15
Auction Verification,2/28/2022,N/A,Tabular,Computer Science,"Classification, Regression",-,2043,7
Audit Data,7/13/2018,N/A,Multivariate,Business,Classification,Real,777,-
ISOLET,9/11/1994,N/A,Multivariate,Computer Science,Classification,Real,7797,617
COVID-19 Surveillance,4/23/2020,N/A,Multivariate,Computer Science,Classification,-,14,7
Toxicity,5/4/2022,N/A,Tabular,Biology,Classification,-,171,1203
Open University Learning Analytics dataset,12/20/2015,N/A,"Multivariate, Sequential, Time-Series",Computer Science,"Classification, Regression, Clustering",Integer,-,-
Turkish Crowdfunding Startups,7/2/2024,N/A,Text,Business,"Classification, Regression, Clustering","Real, Categorical, Integer",1628,38
Chess (King-Rook vs. King-Pawn),7/31/1989,N/A,Multivariate,Games,Classification,Categorical,3196,35
Parkinson Disease Spiral Drawings Using Digitized Graphics Tablet,7/19/2017,N/A,Multivariate,Computer Science,"Classification, Regression, Clustering",Integer,77,-
Leaf,2/23/2014,N/A,Multivariate,Computer Science,Classification,Real,340,-
Parking Birmingham,1/1/2019,N/A,"Multivariate, Univariate, Sequential, Time-Series",Computer Science,"Classification, Regression, Clustering",Real,35717,4
Water Treatment Plant,5/31/1993,N/A,Multivariate,Physics and Chemistry,Clustering,"Integer, Real",527,-
Robot Execution Failures,4/22/1999,N/A,"Multivariate, Time-Series",Physics and Chemistry,Classification,Integer,463,90
Printed Circuit Board Processed Image,4/17/2024,N/A,"Tabular, Image, Other",Computer Science,"Classification, Clustering","Real, Categorical, Integer",723552,5
Challenger USA Space Shuttle O-Ring,8/4/1993,N/A,Multivariate,Physics and Chemistry,Regression,Integer,23,4
Amazon Access Samples,9/12/2011,N/A,"Time-Series, Domain-Theory",Business,"Regression, Clustering, Causal-Discovery",-,30000,20000
Hungarian Chickenpox Cases,2/16/2021,N/A,Time-Series,Health and Medicine,Regression,Real,521,20
Smartphone-Based Recognition of Human Activities and Postural Transitions,7/28/2015,N/A,"Multivariate, Time-Series",Health and Medicine,Classification,Real,10929,-
Bitcoin Heist Ransomware Address,6/16/2020,N/A,"Multivariate, Time-Series",Computer Science,"Classification, Clustering","Integer, Real",2916697,10
Gas Sensor Array Drift Dataset,4/24/2012,N/A,Multivariate,Computer Science,Classification,Real,13910,-
Acute Inflammations,2/10/2009,N/A,Multivariate,Health and Medicine,Classification,"Categorical, Integer",120,6
Detect Malware Types,6/2/2019,N/A,"Multivariate, Time-Series, Text",Computer Science,Classification,-,7107,280
El Nino,6/29/1999,N/A,Other,Climate and Environment,Other,"Integer, Real",178080,11
CNNpred: CNN-based stock market prediction using a diverse set of variables,12/25/2019,N/A,"Sequential, Time-Series",Computer Science,"Classification, Regression",Real,1985,84
Perfume Data,7/21/2014,N/A,"Univariate, Domain-Theory",Computer Science,"Classification, Clustering",Integer,560,-
Cloud,8/2/1989,N/A,"Multivariate, Image",Climate and Environment,Other,Real,1024,10
Behavior of the urban traffic of the city of Sao Paulo in Brazil,12/11/2018,N/A,"Multivariate, Time-Series",Computer Science,"Classification, Regression","Integer, Real",135,18
Las Vegas Strip,7/22/2017,N/A,-,Business,"Classification, Regression",Integer,504,-
Internet Firewall Data,2/3/2019,N/A,Multivariate,Computer Science,Classification,-,65532,12
Greenhouse Gas Observing Network,4/15/2015,N/A,"Multivariate, Time-Series",Climate and Environment,Regression,Real,2921,5232
Waveform Database Generator (Version 1),11/9/1988,N/A,"Multivariate, Data-Generator",Physics and Chemistry,Classification,Real,5000,21
Gas sensor array under dynamic gas mixtures,3/19/2015,N/A,"Multivariate, Time-Series",Computer Science,"Classification, Regression",Real,4178504,19
Yacht Hydrodynamics,1/2/2013,N/A,Multivariate,Physics and Chemistry,Regression,Real,308,-
Daphnet Freezing of Gait,3/6/2013,N/A,"Multivariate, Time-Series",Health and Medicine,Classification,Real,237,-
Accelerometer,8/13/2023,N/A,Multivariate,Physics and Chemistry,"Classification, Regression","Real, Integer",153000,5
News Aggregator,2/27/2016,N/A,Multivariate,Other,"Classification, Clustering",-,422937,-
UR3 CobotOps,2/28/2024,N/A,"Multivariate, Time-Series",Engineering,"Classification, Regression, Clustering, Other","Real, Categorical, Integer",7409,20
Influenza Outbreak Event Prediction via Twitter,8/14/2023,N/A,Multivariate,Health and Medicine,Classification,"Real, Integer",75839,523
Accelerometer Gyro Mobile Phone,11/24/2022,N/A,"Tabular, Sequential, Multivariate, Time-Series",Computer Science,Classification,"Real, Categorical",31991,8
SPECT Heart,9/30/2001,N/A,Multivariate,Health and Medicine,Classification,Categorical,267,22
Visegrad Group companies data,7/16/2023,N/A,Multivariate,Business,"Classification, Clustering",Real,85,83
Page Blocks Classification,6/30/1995,N/A,Multivariate,Computer Science,Classification,"Integer, Real",5473,10
Molecular Biology (Promoter Gene Sequences),6/29/1990,N/A,"Sequential, Domain-Theory",Biology,Classification,Categorical,106,-
Restaurant & consumer data,8/3/2012,N/A,Multivariate,Computer Science,-,-,138,-
MONK's Problems,9/30/1992,N/A,Multivariate,Other,Classification,Categorical,432,6
Rocket League Skillshots,8/14/2023,N/A,"Tabular, Time-Series",Games,Classification,Real,297,-
Turkiye Student Evaluation,8/31/2013,N/A,Multivariate,Other,"Classification, Clustering",-,5820,-
Turkish Music Emotion,8/14/2023,N/A,Multivariate,Other,Classification,"Real, Integer",400,50
Caesarian Section Classification Dataset,11/1/2018,N/A,Tabular,Health and Medicine,Classification,Integer,80,-
Lymphography,10/31/1988,N/A,Multivariate,Health and Medicine,Classification,Categorical,148,19
Annealing,N/A,N/A,Multivariate,Physics and Chemistry,Classification,"Categorical, Integer, Real",798,38
Facebook Comment Volume,3/10/2016,N/A,Multivariate,Other,Regression,"Integer, Real",40949,-
Hayes-Roth,2/28/1989,N/A,Multivariate,Social Science,Classification,Categorical,160,4
YouTube Multiview Video Games Dataset,10/15/2013,N/A,"Multivariate, Text",Computer Science,"Classification, Clustering","Integer, Real",120000,1000000
Gas sensor array temperature modulation,4/14/2019,N/A,"Multivariate, Time-Series",Computer Science,"Classification, Regression",Real,4095000,-
Health News in Twitter,2/18/2018,N/A,Text,Computer Science,Clustering,Real,58000,25000
Cargo 2000 Freight Tracking and Tracing,11/2/2016,N/A,"Multivariate, Sequential",Business,"Classification, Regression",Integer,3942,98
Dresses_Attribute_Sales,2/18/2014,N/A,Text,Computer Science,"Classification, Clustering",-,501,13
Teaching Assistant Evaluation,6/6/1997,N/A,Multivariate,Other,Classification,"Categorical, Integer",151,-
Bias correction of numerical prediction model temperature forecast,2/17/2020,N/A,Multivariate,Climate and Environment,Regression,Real,7750,7
Semeion Handwritten Digit,11/10/2008,N/A,Multivariate,Computer Science,Classification,Integer,1593,-
Sports articles for objectivity analysis,4/8/2018,N/A,"Multivariate, Text",Social Science,Classification,Integer,1000,-
Deepfakes: Medical Image Tamper Detection,3/10/2020,N/A,Multivariate,Computer Science,Classification,Real,20000,200000
TUANDROMD (Tezpur University Android Malware Dataset),8/14/2023,N/A,Multivariate,Computer Science,Classification,Integer,4464,241
Legal Case Reports,10/18/2012,N/A,Text,Other,Classification,-,-,-
Geographical Origin of Music,10/17/2014,N/A,Multivariate,Other,"Classification, Regression",Real,1059,68
Anonymous Microsoft Web Data,10/31/1998,N/A,-,Computer Science,Recommender-Systems,Categorical,37711,294
Similarity Prediction,10/27/2022,N/A,"Tabular, Image",Physics and Chemistry,Classification,-,200,-
Vehicle routing and scheduling problems,10/6/2019,N/A,Multivariate,Business,Clustering,"Integer, Real",18,9
BuddyMove Data Set,6/30/2018,N/A,"Multivariate, Text",Other,"Classification, Clustering",Real,249,-
Exasens,4/21/2020,N/A,Multivariate,Health and Medicine,"Classification, Clustering",Integer,399,4
Human Activity Recognition from Continuous Ambient Sensor Data,9/19/2019,N/A,"Multivariate, Sequential, Time-Series",Other,Classification,"Integer, Real",13956534,-
APS Failure at Scania Trucks,12/7/2017,N/A,Multivariate,Computer Science,Classification,"Integer, Real",60000,171
Activity recognition with healthy older people using a batteryless wearable sensor,12/11/2016,N/A,Sequential,Health and Medicine,Classification,Real,75128,9
Entree Chicago Recommendation Data,3/8/2000,N/A,"Transactional, Sequential",Other,Recommender-Systems,Categorical,50672,-
QSAR fish toxicity,9/22/2019,N/A,Multivariate,Physics and Chemistry,Regression,Real,908,-
Soybean (Small),12/31/1986,N/A,Multivariate,Biology,Classification,Categorical,47,35
Codon usage,10/2/2020,N/A,Multivariate,Biology,"Classification, Clustering",-,13028,69
Autistic Spectrum Disorder Screening Data for Adolescent,12/23/2017,N/A,Multivariate,Health and Medicine,Classification,Integer,104,21
Speaker Accent Recognition,3/3/2020,N/A,Multivariate,Social Science,Classification,Real,329,12
LT-FS-ID: Intrusion detection in WSNs,3/8/2022,N/A,Tabular,Computer Science,Regression,-,182,4
Unmanned Aerial Vehicle (UAV) Intrusion Detection,4/11/2020,N/A,Multivariate,Computer Science,Classification,Real,17256,55
Wireless Indoor Localization,12/3/2017,N/A,Multivariate,Computer Science,Classification,Real,2000,-
Tamilnadu Electricity Board Hourly Readings,12/21/2013,N/A,Multivariate,Engineering,"Classification, Regression, Clustering",Real,45781,-
TUNADROMD,6/20/2023,N/A,Tabular,Computer Science,Classification,Integer,4465,242
Synchronous Machine,4/20/2021,N/A,Multivariate,Computer Science,Regression,Real,557,5
PM2.5 Data of Five Chinese Cities,7/17/2017,N/A,"Multivariate, Time-Series",Physics and Chemistry,Regression,"Integer, Real",52854,-
GPS Trajectories,2/28/2016,N/A,Multivariate,Computer Science,"Classification, Regression",Real,163,15
Musk (Version 2),9/11/1994,N/A,Multivariate,Physics and Chemistry,Classification,Integer,6598,166
Climate Model Simulation Crashes,6/17/2013,N/A,Multivariate,Climate and Environment,Classification,Real,540,-
Molecular Biology (Splice-junction Gene Sequences),12/31/1991,N/A,"Sequential, Domain-Theory",Biology,Classification,Categorical,3190,60
Musk (Version 1),9/11/1994,N/A,Multivariate,Physics and Chemistry,Classification,Integer,476,168
PEMS-SF,5/21/2011,N/A,"Multivariate, Time-Series",Computer Science,Classification,Real,440,138672
Japanese Vowels,N/A,N/A,"Multivariate, Time-Series",Other,Classification,Real,640,-
Physicochemical Properties of Protein Tertiary Structure,3/30/2013,N/A,Multivariate,Biology,Regression,Real,45730,-
ICU,N/A,N/A,"Multivariate, Time-Series",Health and Medicine,Classification,Real,1,-
Buzz in social media,5/26/2013,N/A,"Time-Series, Multivariate",Computer Science,"Regression, Classification","Integer, Real",140000,-
Chess (King-Rook vs. King),5/31/1994,N/A,Multivariate,Games,Classification,"Categorical, Integer",28056,6
Mechanical Analysis,5/31/1990,N/A,Multivariate,Computer Science,Classification,"Categorical, Integer, Real",209,8
Anuran Calls (MFCCs),2/23/2017,N/A,Multivariate,Biology,"Classification, Clustering",Real,7195,-
SUSY,2/11/2014,N/A,-,Physics and Chemistry,Classification,Real,5000000,-
EMG dataset in Lower Limb,2/4/2014,N/A,"Multivariate, Time-Series",Computer Science,-,Real,132,5
sEMG for Basic Hand movements,11/17/2014,N/A,Time-Series,Health and Medicine,Classification,Real,3000,2500
QSAR aquatic toxicity,9/22/2019,N/A,Multivariate,Physics and Chemistry,Regression,Real,546,-
Devanagari Handwritten Character Dataset,8/31/2016,N/A,-,Computer Science,Classification,Integer,92000,-
Wave Energy Converters,6/29/2019,N/A,Multivariate,Computer Science,Regression,Real,288000,-
Arcene,2/28/2008,N/A,Multivariate,Health and Medicine,Classification,Real,900,10000
Somerville Happiness Survey,5/23/2018,N/A,Tabular,Health and Medicine,Classification,Integer,143,-
OpinRank Review Dataset,7/25/2011,N/A,Text,Computer Science,-,-,-,-
Chemical Composition of Ceramic Samples,1/28/2019,N/A,Multivariate,Physics and Chemistry,"Classification, Clustering",Real,88,19
Servo,4/30/1993,N/A,Multivariate,Computer Science,Regression,"Categorical, Integer",167,4
Amphibians,7/16/2020,N/A,Multivariate,Biology,Classification,"Integer, Real",189,23
Cisco Secure Workload Networks of Computing Hosts,5/15/2022,N/A,"Sequential, Text, Other",Computer Science,"Clustering, Other",-,1000000,-
Twitter Geospatial Data,9/11/2024,N/A,"Multivariate, Time-Series, Spatiotemporal",Social Science,"Classification, Regression, Clustering","Real, Categorical, Integer",14262517,4
Non Verbal Tourists,8/13/2023,N/A,Multivariate,Social Science,"Classification, Clustering","Real, Integer",73,22
Localization Data for Person Activity,11/2/2010,N/A,"Univariate, Sequential, Time-Series",Health and Medicine,Classification,Real,164860,8
BlogFeedback,5/28/2014,N/A,Multivariate,Social Science,Regression,"Integer, Real",60021,-
Dataset for Sensorless Drive Diagnosis,2/23/2015,N/A,Multivariate,Computer Science,Classification,Real,58509,-
Bach Chorales,N/A,N/A,"Univariate, Time-Series",Other,-,"Categorical, Integer",100,6
Shill Bidding Dataset,3/9/2020,N/A,Multivariate,Computer Science,"Classification, Clustering",-,6321,13
Shell Commands Used by Participants of Hands-on Cybersecurity Training,Linked on 8/24/2023,N/A,Sequential,Computer Science,"Classification, Regression, Clustering, Other","Categorical, Integer",21459,9
Gas sensors for home activity monitoring,7/14/2016,N/A,"Multivariate, Time-Series",Computer Science,Classification,Real,919438,-
Madelon,2/28/2008,N/A,Multivariate,Other,Classification,Real,4400,-
Gender Gap in Spanish WP,8/13/2023,N/A,Multivariate,Social Science,Classification,"Real, Integer",4746,18
Breast Tissue,5/9/2010,N/A,Multivariate,Health and Medicine,Classification,Real,106,-
Immunotherapy Dataset,1/3/2018,N/A,Univariate,Health and Medicine,Classification,"Integer, Real",90,8
TV News Channel Commercial Detection Dataset,3/26/2015,N/A,Multivariate,Computer Science,"Classification, Clustering",Real,129685,12
Machine Learning based ZZAlpha Ltd. Stock Recommendations 2012-2014,6/5/2015,N/A,"Sequential, Time-Series",Business,Classification,Real,314080,-
Parkinson Dataset with replicated acoustic features,4/9/2019,N/A,Multivariate,Health and Medicine,Classification,-,240,-
Post-Operative Patient,5/31/1993,N/A,Multivariate,Health and Medicine,Classification,"Categorical, Integer",90,8
Dataset based on UWB for Clinical Establishments,11/21/2022,N/A,Tabular,Computer Science,Other,Real,608,8
SoDA,6/19/2022,N/A,Time-Series,Health and Medicine,Classification,-,1800,-
Smartphone Dataset for Human Activity Recognition (HAR) in Ambient Assisted Living (AAL),3/8/2016,N/A,Time-Series,Computer Science,Classification,Real,5744,-
One-hundred plant species leaves data set,12/2/2012,N/A,-,Biology,Classification,Real,1600,64
SPECTF Heart,9/30/2001,N/A,Multivariate,Health and Medicine,Classification,Integer,267,44
Urban Land Cover,3/26/2014,N/A,Multivariate,Climate and Environment,Classification,-,168,148
seismic-bumps,4/2/2013,N/A,Multivariate,Other,Classification,Real,2584,-
SML2010,1/8/2014,N/A,"Multivariate, Sequential, Time-Series, Text",Computer Science,Regression,Real,4137,-
Ajwa or Medjool,9/14/2023,N/A,"Tabular, Image",Other,Classification,"Real, Categorical, Integer",200,6
QSAR biodegradation,6/20/2013,N/A,Multivariate,Other,Classification,"Integer, Real",1055,-
Synthetic Circle Data Set,6/5/2024,N/A,Multivariate,Other,"Classification, Clustering",Real,10000,2
CSM (Conventional and Social Media Movies) Dataset 2014 and 2015,10/10/2017,N/A,Multivariate,Computer Science,"Classification, Regression",Integer,217,12
Cylinder Bands,7/31/1995,N/A,Multivariate,Physics and Chemistry,Classification,"Categorical, Integer, Real",512,39
Trains,6/23/1994,N/A,Multivariate,Other,Classification,Categorical,10,-
University,6/30/1988,N/A,Multivariate,Other,Classification,"Categorical, Integer",285,17
Wall-Following Robot Navigation Data,8/3/2010,N/A,"Multivariate, Sequential",Computer Science,Classification,Real,5456,-
Dorothea,2/28/2008,N/A,Multivariate,Biology,Classification,Integer,1950,100000
Student Loan Relational,12/31/1992,N/A,Domain-Theory,Social Science,-,-,1000,-
Swarm Behaviour,6/15/2020,N/A,Multivariate,Computer Science,Classification,Real,24017,2400
Malware static and dynamic features VxHeaven and Virus Total,1/30/2019,N/A,Multivariate,Computer Science,Classification,"Integer, Real",2955,1087
Breath Metabolomics,11/7/2019,N/A,"Multivariate, Time-Series",Health and Medicine,"Classification, Clustering",Real,104,1656
Early biomarkers of Parkinsonâs disease based on natural connected speech,2/14/2017,N/A,Multivariate,Health and Medicine,"Classification, Regression","Integer, Real",130,-
Image Recognition Task Execution Times in Mobile Edge Computing,8/14/2023,N/A,"Sequential, Time-Series",Computer Science,Regression,Real,4000,2
Pedal Me Bicycle Deliveries,8/13/2023,N/A,Time-Series,Social Science,Regression,Real,36,15
Real-time Election Results: Portugal 2019,12/4/2019,N/A,"Multivariate, Time-Series, Text",Social Science,Regression,"Integer, Real",21643,29
Avila,6/19/2018,N/A,Multivariate,Computer Science,Classification,Real,20867,-
Protein Data,N/A,N/A,-,Biology,-,-,-,-
EEG Steady-State Visual Evoked Potential Signals,7/12/2018,N/A,"Multivariate, Time-Series",Health and Medicine,"Classification, Regression",Integer,9200,-
2D elastodynamic metamaterials,11/25/2021,N/A,Tabular,Engineering,Regression,-,20521,1
Motion Capture Hand Postures,1/26/2017,N/A,Multivariate,Computer Science,"Classification, Clustering",Real,78095,-
Simulated Falls and Daily Living Activities Data Set,6/5/2018,N/A,Time-Series,Health and Medicine,Classification,Integer,3060,138
Stock keeping units,4/9/2019,N/A,Multivariate,Business,Clustering,"Integer, Real",2279,9
Synthetic Control Chart Time Series,6/7/1999,N/A,Time-Series,Other,"Classification, Clustering",Real,600,-
Turkish User Reviews,1/5/2023,N/A,Text,Computer Science,Other,-,37056,-
Multi-view Brain Networks,8/5/2020,N/A,Multivariate,Health and Medicine,"Classification, Clustering",Integer,70,70
Libras Movement,8/16/2009,N/A,"Multivariate, Sequential",Other,"Classification, Clustering",Real,360,-
Activity Recognition system based on Multisensor data fusion (AReM),5/17/2016,N/A,"Multivariate, Sequential, Time-Series",Computer Science,Classification,Real,42240,6
Gisette,2/28/2008,N/A,Multivariate,Computer Science,Classification,Integer,13500,5000
Qualitative_Bankruptcy,2/8/2014,N/A,Multivariate,Computer Science,Classification,-,250,-
Carbon Nanotubes,4/4/2018,N/A,Univariate,Computer Science,Regression,Real,10721,-
Gait Classification,10/13/2020,N/A,Multivariate,Computer Science,Classification,Real,48,321
Gas sensor arrays in open sampling settings,6/4/2013,N/A,"Multivariate, Time-Series",Computer Science,Classification,Real,18000,1950000
Forest type mapping,5/24/2015,N/A,Multivariate,Biology,Classification,-,326,27
EMG Physical Action Data Set,7/26/2011,N/A,Time-Series,Health and Medicine,Classification,Real,10000,-
Wikipedia Math Essentials,4/19/2021,N/A,Time-Series,Social Science,Regression,Real,731,1068
Wheat Kernels,8/2/2020,N/A,Multivariate,Computer Science,Classification,Real,314,15
"Taxi Service Trajectory - Prediction Challenge, ECML PKDD 2015",7/10/2015,N/A,"Multivariate, Sequential, Time-Series, Domain-Theory",Computer Science,"Clustering, Causal-Discovery",Real,1710671,9
HEPMASS,1/27/2016,N/A,Multivariate,Physics and Chemistry,Classification,Real,10500000,-
Planning Relax,7/16/2012,N/A,Univariate,Computer Science,Classification,Real,182,-
Open Web Text Corpus,Linked on 12/2/2021,N/A,Text,Other,"Classification, Regression, Clustering",-,8013769,-
Audiology (Original),12/2/1987,N/A,Multivariate,Health and Medicine,Classification,Categorical,226,-
Average Localization Error (ALE) in sensor node localization process in WSNs,8/13/2023,N/A,Multivariate,Computer Science,Regression,Real,107,4
Grammatical Facial Expressions,10/5/2014,N/A,"Multivariate, Sequential",Computer Science,"Classification, Clustering",Real,27965,-
HCC Survival,11/28/2017,N/A,Multivariate,Health and Medicine,Classification,"Integer, Real",165,-
LED Display Domain,11/9/1988,N/A,"Multivariate, Data-Generator",Computer Science,Classification,Categorical,-,7
Pittsburgh Bridges,7/31/1990,N/A,Multivariate,Other,Classification,"Categorical, Integer",108,12
Simulated data for survival modelling,12/3/2018,N/A,"Multivariate, Time-Series",Other,Regression,"Integer, Real",120000,25
Twitter Data set for Arabic Sentiment Analysis,4/10/2014,N/A,Text,Social Science,Classification,-,2000,2
Internet Usage Data,6/29/1999,N/A,Multivariate,Computer Science,-,"Categorical, Integer",10104,-
"3D Road Network (North Jutland, Denmark)",4/15/2013,N/A,"Sequential, Text",Computer Science,"Regression, Clustering",Real,434874,4
Activity recognition using wearable physiological measurements,12/3/2019,N/A,Multivariate,Health and Medicine,Classification,Real,4480,533
KDD Cup 1998,7/19/1998,N/A,Multivariate,Other,Regression,"Categorical, Integer",191779,-
Dishonest Internet users Dataset,3/19/2018,N/A,Multivariate,Computer Science,"Classification, Clustering",-,322,-
Gesture Phase Segmentation,6/17/2014,N/A,"Multivariate, Sequential, Time-Series",Other,"Classification, Clustering",Real,9900,-
SkillCraft1 Master Table Dataset,10/21/2013,N/A,Multivariate,Games,Regression,"Integer, Real",3395,-
Ultrasonic flowmeter diagnostics,1/12/2018,N/A,Multivariate,Computer Science,Classification,Real,540,-
Anticancer peptides,10/10/2019,N/A,Sequential,Biology,Classification,-,1850,2
Shuttle Landing Control,10/31/1988,N/A,Multivariate,Physics and Chemistry,Classification,Categorical,15,6
Crop mapping using fused optical-radar data set,6/15/2020,N/A,"Multivariate, Time-Series",Other,Classification,Real,325834,175
Australian Sign Language Signs,4/19/1999,N/A,"Multivariate, Time-Series",Other,Classification,"Categorical, Real",6650,-
A study of  Asian Religious and Biblical Texts,12/23/2019,N/A,"Multivariate, Text",Social Science,"Classification, Clustering",Integer,590,8265
Farm Ads,10/17/2011,N/A,Text,Business,Classification,-,4143,54877
Twin gas sensor arrays,5/18/2016,N/A,"Multivariate, Time-Series, Domain-Theory",Computer Science,"Classification, Regression",Real,640,480000
SGEMM GPU kernel performance,2/26/2018,N/A,Multivariate,Computer Science,Regression,Integer,241600,-
Crowdsourced Mapping,5/24/2016,N/A,Multivariate,Climate and Environment,Classification,-,10546,29
DrivFace,5/25/2016,N/A,Multivariate,Computer Science,"Classification, Regression, Clustering",Real,606,6400
URL Reputation,10/14/2009,N/A,"Multivariate, Time-Series",Computer Science,Classification,"Integer, Real",2396130,3231961
Audiology (Standardized),8/17/1992,N/A,Multivariate,Health and Medicine,Classification,Categorical,226,70
Gas sensor array exposed to turbulent gas mixtures,10/9/2014,N/A,"Multivariate, Time-Series",Computer Science,"Classification, Regression",Real,180,150000
Gas sensor array low-concentration,11/16/2024,N/A,"Multivariate, Time-Series",Computer Science,"Classification, Regression, Clustering",Real,90,-
Period Changer,5/4/2022,N/A,Tabular,Biology,Classification,-,90,1177
Sundanese Twitter Dataset,11/26/2021,N/A,Tabular,Computer Science,Classification,-,2510,1
Cryotherapy Dataset,1/3/2018,N/A,Tabular,Health and Medicine,Classification,"Integer, Real",90,-
Labor Relations,10/31/1988,N/A,Multivariate,Social Science,-,"Categorical, Integer, Real",57,16
Horton General Hospital,11/12/2019,N/A,"Multivariate, Time-Series",Health and Medicine,Causal-Discovery,Integer,139,6
wiki4HE,5/3/2015,N/A,Multivariate,Social Science,"Regression, Clustering, Causal-Discovery",-,913,-
Bengali Hate Speech Detection Dataset,4/23/2022,N/A,Text,Computer Science,Classification,-,4500,-
Waveform Database Generator (Version 2),11/9/1988,N/A,"Multivariate, Data-Generator",Physics and Chemistry,Classification,Real,5000,-
MaskReminder,6/19/2022,N/A,Time-Series,Health and Medicine,Classification,-,7600,-
User Identification From Walking Activity,3/1/2014,N/A,"Univariate, Sequential, Time-Series",Other,"Classification, Clustering",Real,-,-
Weight Lifting Exercises monitored with Inertial Measurement Units,11/23/2013,N/A,Multivariate,Health and Medicine,Classification,Real,39242,-
REALDISP Activity Recognition Dataset,7/24/2014,N/A,"Multivariate, Time-Series",Computer Science,Classification,Real,1419,-
Sirtuin6 Small Molecules,10/27/2022,N/A,Tabular,Biology,Classification,-,100,6
Artificial Characters,6/30/1992,N/A,Multivariate,Computer Science,Classification,"Categorical, Integer, Real",6000,7
Character Trajectories,8/19/2008,N/A,Time-Series,Computer Science,"Classification, Clustering",Real,2858,-
Character Font Images,8/13/2016,N/A,Multivariate,Computer Science,Classification,"Integer, Real",745000,-
Spoken Arabic Digit,9/12/2010,N/A,"Multivariate, Time-Series",Other,Classification,Real,8800,13
Wave Energy Converters,6/29/2019,N/A,Multivariate,Computer Science,Regression,Real,288000,49
Relative location of CT slices on axial axis,7/6/2011,N/A,Domain-Theory,Computer Science,Regression,Real,53500,386
Australian Sign Language Signs (High Quality),2/25/2002,N/A,"Multivariate, Time-Series",Other,Classification,Real,2565,-
"UrbanGB, urban road accidents coordinates labelled by the urban center",11/21/2019,N/A,Univariate,Computer Science,Clustering,Real,360177,2
Molecular Biology (Protein Secondary Structure),N/A,N/A,Sequential,Biology,Classification,Categorical,128,-
Eco-hotel,7/22/2017,N/A,Text,Business,-,-,401,-
Refractive errors,4/26/2020,N/A,Multivariate,Health and Medicine,Classification,Integer,467,79
3W dataset,8/14/2019,N/A,"Multivariate, Time-Series",Computer Science,"Classification, Clustering","Integer, Real",1984,8
Economic Sanctions,N/A,N/A,Domain-Theory,Business,-,-,-,-
Data for Software Engineering Teamwork Assessment in Education Setting,6/28/2017,N/A,"Sequential, Time-Series",Computer Science,Classification,"Integer, Real",74,-
NoisyOffice,1/2/2015,N/A,Multivariate,Computer Science,"Classification, Regression",Real,216,216
Multimodal Damage Identification for Humanitarian Computing,5/31/2018,N/A,"Multivariate, Text",Social Science,Classification,Integer,5879,-
Shoulder Implant X-Ray Manufacturer Classification,5/19/2020,N/A,Multivariate,Health and Medicine,Classification,Real,597,1
Statlog Project,9/30/1992,N/A,Other,Other,Other,-,1,-
Mesothelioma's disease data set,1/10/2016,N/A,Multivariate,Computer Science,Classification,Real,324,-
Roman Urdu Sentiment Analysis Dataset (RUSAD),8/14/2023,N/A,Text,Computer Science,Classification,Categorical,11000,2
Lattice-physics (PWR fuel assembly neutronics simulation results),12/11/2024,N/A,"Tabular, Multivariate",Physics and Chemistry,Regression,Real,24000,39
Syskill and Webert Web Page Ratings,10/19/1998,N/A,"Multivariate, Text",Computer Science,Classification,Categorical,332,5
Volcanoes on Venus - JARtool experiment,N/A,N/A,Image,Climate and Environment,Classification,-,1,-
MiniBooNE particle identification,12/12/2010,N/A,Multivariate,Physics and Chemistry,Classification,Real,130065,-
Sentence Classification,11/4/2014,N/A,Text,Other,Classification,Integer,-,-
HIV-1 protease cleavage,4/24/2015,N/A,Multivariate,Biology,Classification,Categorical,6590,1
Gas sensor array under flow modulation,9/9/2014,N/A,"Multivariate, Time-Series",Computer Science,"Classification, Regression",Real,58,120432
Statlog (Image Segmentation),10/31/1990,N/A,Multivariate,Other,Classification,Real,2310,19
Stock keeping units,4/9/2019,N/A,Multivariate,Business,Clustering,"Integer, Real",2279,9
CNAE-9,8/2/2012,N/A,"Multivariate, Text",Business,Classification,Integer,1080,-
Dynamic Features of VirusShare Executables,11/28/2017,N/A,"Multivariate, Time-Series",Computer Science,"Classification, Regression",Integer,107888,482
Optical Interconnection Network,3/28/2018,N/A,Multivariate,Computer Science,"Classification, Regression","Integer, Real",640,-
Z-Alizadeh Sani,11/16/2017,N/A,Tabular,Health and Medicine,Classification,"Integer, Real",303,-
KEGG Metabolic Relation Network (Directed),11/27/2011,N/A,"Multivariate, Univariate, Text",Biology,"Classification, Regression, Clustering","Integer, Real",53414,-
Exasens,4/21/2020,N/A,Multivariate,Health and Medicine,"Classification, Clustering",Integer,399,4
Indoor User Movement Prediction from RSS data,2/3/2016,N/A,"Multivariate, Sequential, Time-Series",Computer Science,Classification,Real,13197,4
Chess (King-Rook vs. King-Knight),10/2/1988,N/A,"Multivariate, Data-Generator",Games,Classification,"Categorical, Integer",-,-
REJAFADA,8/14/2023,N/A,Multivariate,Computer Science,Classification,Integer,1996,6825
Query Analytics Workloads Dataset,6/21/2019,N/A,Multivariate,Computer Science,"Regression, Clustering",Real,260000,8
Wilt,3/12/2014,N/A,Multivariate,Biology,Classification,-,4889,-
9mers from cullpdb,8/21/2023,N/A,Sequential,Biology,"Classification, Regression",Real,158716,-
Mobile Robots,7/14/1995,N/A,Domain-Theory,Computer Science,-,"Categorical, Integer, Real",-,-
BLE RSSI Dataset for Indoor localization and Navigation,1/24/2018,N/A,"Multivariate, Sequential, Time-Series",Computer Science,"Classification, Clustering",Integer,6611,-
Reuter_50_50,9/7/2011,N/A,"Multivariate, Text, Domain-Theory",Computer Science,"Classification, Clustering",Real,2500,10000
Intelligent Media Accelerometer and Gyroscope (IM-AccGyro) Dataset,9/2/2020,N/A,Time-Series,Health and Medicine,Classification,Real,800,9
KASANDR,5/15/2017,N/A,Multivariate,Other,Other,Integer,17764280,2158859
p53 Mutants,2/8/2010,N/A,Multivariate,Biology,Classification,Real,16772,5408
SCADI,4/13/2018,N/A,Multivariate,Health and Medicine,"Classification, Clustering",-,70,-
DSRC Vehicle Communications,12/12/2017,N/A,"Sequential, Text",Computer Science,Clustering,Real,10000,5
Guitar Chords finger positions,6/4/2020,N/A,Text,Other,Classification,-,2633,5
Connectionist Bench (Vowel Recognition - Deterding Data),N/A,N/A,-,Other,Classification,Real,528,10
Geo-Magnetic field and WLAN dataset for indoor localisation from wristband and smartphone,1/9/2017,N/A,"Multivariate, Sequential, Time-Series",Computer Science,"Classification, Regression, Clustering","Integer, Real",153540,25
StoneFlakes,5/19/2014,N/A,Multivariate,Other,"Classification, Clustering, Causal-Discovery",Real,79,-
Wearable Computing: Classification of Body Postures and Movements (PUC-Rio),4/8/2013,N/A,Sequential,Computer Science,Classification,"Integer, Real",165632,-
Container Crane Controller Data Set,12/31/2017,N/A,"Univariate, Domain-Theory",Computer Science,"Classification, Regression",Real,15,-
Labeled Text Forum Threads Dataset,4/7/2019,N/A,Text,Computer Science,Classification,Integer,200,9
QSAR Bioconcentration classes dataset,10/10/2019,N/A,Multivariate,Biology,"Classification, Regression",-,779,14
Person Classification Gait Data,3/1/2020,N/A,Multivariate,Computer Science,Classification,Real,48,321
GNFUV Unmanned Surface Vehicles Sensor Data,5/5/2018,N/A,"Multivariate, Time-Series",Computer Science,Regression,Real,1672,-
Hill-Valley,3/19/2008,N/A,Sequential,Other,Classification,Real,606,101
Facebook Large Page-Page Network,7/21/2020,N/A,Multivariate,Social Science,Classification,-,22470,4714
"Reuters RCV1 RCV2 Multilingual, Multiview Text Categorization Test collection",9/5/2013,N/A,Multivariate,Business,Classification,Real,111740,-
Kinship,6/30/1990,N/A,Relational,Social Science,Relational-Learning,Categorical,104,12
Corel Image Features,6/30/1999,N/A,Multivariate,Other,-,Real,68040,-
Online Video Characteristics and Transcoding Time Dataset,5/18/2015,N/A,Multivariate,Computer Science,Regression,"Integer, Real",168286,-
Gastrointestinal Lesions in Regular Colonoscopy,10/14/2016,N/A,Multivariate,Computer Science,Classification,Real,76,698
YouTube Comedy Slam Preference Data,4/9/2012,N/A,Text,Computer Science,Classification,-,1138562,3
Wikipedia Math Essentials,4/19/2021,N/A,Time-Series,Social Science,Regression,Real,731,1068
Dexter,2/28/2008,N/A,Multivariate,Other,Classification,Integer,2600,20000
Low Resolution Spectrometer,2/29/1988,N/A,Multivariate,Physics and Chemistry,Classification,"Integer, Real",531,102
MicroMass,8/11/2013,N/A,Multivariate,Biology,Classification,Real,931,1300
Improved Spiral Test Using Digitized Graphics Tablet for Monitoring Parkinson's Disease,3/4/2016,N/A,Multivariate,Computer Science,"Classification, Regression, Clustering",Real,40,7
MEx,9/19/2019,N/A,Time-Series,Computer Science,"Classification, Clustering",Real,6262,-
Repeat Consumption Matrices,3/21/2018,N/A,Multivariate,Computer Science,Clustering,Real,130000,21000
IDA2016Challenge,1/16/2017,N/A,Multivariate,Computer Science,Classification,Integer,76000,-
LSVT Voice Rehabilitation,2/18/2014,N/A,Multivariate,Health and Medicine,Classification,Real,126,-
Chess (Domain Theories),N/A,N/A,Domain-Theory,Games,-,-,-,-
microblogPCU,3/16/2015,N/A,"Multivariate, Univariate, Sequential, Text",Computer Science,"Classification, Causal-Discovery","Integer, Real",221579,20
Folio,7/4/2015,N/A,Multivariate,Other,"Classification, Clustering",-,637,20
Sponge,N/A,N/A,Multivariate,Biology,Clustering,"Categorical, Integer",76,-
CLINC150,5/7/2020,N/A,Text,Other,Classification,-,23700,-
Roman Urdu Data Set,8/28/2018,N/A,Text,Computer Science,Classification,-,20000,-
Quadruped Mammals,8/24/1992,N/A,"Multivariate, Data-Generator",Biology,Classification,Real,-,72
GNFUV Unmanned Surface Vehicles Sensor Data Set 2,9/12/2018,N/A,"Multivariate, Sequential, Time-Series",Computer Science,Regression,Real,10190,-
Wisesight Sentiment Corpus,8/24/2020,N/A,"Multivariate, Text",Social Science,Classification,-,26737,4
Dataset for ADL Recognition with Wrist-worn Accelerometer,2/10/2014,N/A,"Multivariate, Time-Series",Computer Science,"Classification, Clustering",-,-,-
User Profiling and Abusive Language Detection Dataset,4/24/2019,N/A,-,Computer Science,Classification,-,65919,3
selfBACK,6/14/2020,N/A,Time-Series,Computer Science,"Classification, Clustering",Real,26136,6
Bongabdo,9/29/2023,N/A,"Sequential, Text, Image",Computer Science,Other,-,111,-
TamilSentiMix,8/13/2023,N/A,"Multivariate, Text",Computer Science,Classification,Categorical,15744,-
KEGG Metabolic Reaction Network (Undirected),11/27/2011,N/A,"Multivariate, Univariate, Text",Biology,"Classification, Regression, Clustering","Integer, Real",65554,-
QSAR fish bioconcentration factor (BCF),11/26/2019,N/A,Multivariate,Biology,Regression,"Integer, Real",1056,7
QSAR oral toxicity,9/30/2019,N/A,Multivariate,Physics and Chemistry,Classification,-,8992,1024
BLOGGER,7/5/2013,N/A,Multivariate,Computer Science,Classification,-,100,-
extention of Z-Alizadeh sani dataset,11/16/2017,N/A,Tabular,Health and Medicine,Classification,"Integer, Real",303,-
Predict keywords activities in a online social media,12/11/2013,N/A,"Multivariate, Sequential, Time-Series",Computer Science,-,"Integer, Real",51,35
Physical Unclonable Functions,10/7/2018,N/A,Multivariate,Computer Science,Classification,Integer,6000000,-
SIFT10M,2/22/2016,N/A,Multivariate,Computer Science,Causal-Discovery,Integer,11164866,-
LastFM Asia Social Network,7/30/2020,N/A,Multivariate,Social Science,Classification,-,7624,7842
Detect Malacious Executable(AntiVirus),3/2/2016,N/A,Multivariate,Computer Science,Classification,Real,373,-
Dodgers Loop Sensor,11/30/2006,N/A,"Multivariate, Time-Series",Other,-,"Categorical, Integer",50400,-
Record Linkage Comparison Patterns,3/9/2011,N/A,Multivariate,Other,Classification,Real,5749132,-
GitHub MUSAE,10/6/2019,N/A,Multivariate,Social Science,Classification,-,37700,4006
UJIIndoorLoc-Mag,9/9/2015,N/A,"Multivariate, Sequential, Time-Series",Computer Science,"Classification, Regression, Clustering","Integer, Real",40000,-
"Hybrid Indoor Positioning Dataset from WiFi RSSI, Bluetooth and magnetometer",12/17/2016,N/A,"Multivariate, Sequential, Time-Series",Computer Science,Classification,Real,1540,-
181 early modern English plays: Transcriptions of early editions in TEI encoding,9/27/2022,N/A,Tabular,Other,Regression,-,181,-
Meta-data,2/29/1996,N/A,Multivariate,Other,Classification,"Categorical, Integer, Real",528,-
ser Knowledge Modeling Data (Students' Knowledge Levels on DC Electrical Machines),6/19/2013,N/A,Multivariate,Computer Science,Classification,Real,403,5
IPUMS Census Database,11/8/1999,N/A,Multivariate,Social Science,-,"Categorical, Integer",256932,-
Victorian Era Authorship Attribution,5/30/2018,N/A,Text,Computer Science,Classification,-,93600,1000
Activities of Daily Living (ADLs) Recognition Using Binary Sensors,10/27/2013,N/A,"Multivariate, Sequential, Time-Series",Computer Science,"Classification, Clustering",-,2747,-
2.4 GHZ Indoor Channel Measurements,11/29/2018,N/A,Multivariate,Computer Science,Classification,Real,7840,-
Demospongiae,1/20/2010,N/A,Multivariate,Biology,Classification,Integer,503,-
BAUM-1,11/8/2018,N/A,Time-Series,Computer Science,Classification,-,1184,-
PANDOR,10/1/2018,N/A,Multivariate,Other,Recommendation,Categorical,48000000,-
Nomao,7/3/2012,N/A,Univariate,Computer Science,Classification,Real,34465,-
: Simulated Data set of Iraqi tourism places,1/9/2020,N/A,Multivariate,Computer Science,"Classification, Clustering",-,232,16
DeliciousMIL: A Data Set for Multi-Label Multi-Instance Learning with Instance Labels,10/26/2016,N/A,Text,Computer Science,Classification,Integer,12234,8519
Burst Header Packet (BHP) flooding attack on Optical Burst Switching (OBS) Network,8/27/2017,N/A,Text,Computer Science,Classification,Integer,1075,22
Online Handwritten Assamese Characters Dataset,3/31/2011,N/A,"Multivariate, Sequential",Computer Science,Classification,Integer,8235,-
Quality Assessment of Digital Colposcopies,3/7/2017,N/A,Multivariate,Health and Medicine,Classification,Real,287,-
UNIX User Data,N/A,N/A,"Text, Sequential",Computer Science,-,-,-,-
Turkish Spam V01,4/6/2019,N/A,Text,Social Science,Classification,-,826,2
CAN-MIRGU,7/24/2024,N/A,"Sequential, Multivariate, Time-Series",Computer Science,Classification,"Real, Categorical, Integer",48,-
Activity Recognition from Single Chest-Mounted Accelerometer,3/1/2014,N/A,"Univariate, Sequential, Time-Series",Other,"Classification, Clustering",Real,-,-
CalIt2 Building People Counts,11/30/2006,N/A,"Multivariate, Time-Series",Other,-,"Categorical, Integer",10080,-
First-order theorem proving,4/16/2013,N/A,Multivariate,Computer Science,Classification,Real,6118,-
Bach Choral Harmony,5/19/2014,N/A,Sequential,Other,Classification,-,5665,-
Firm-Teacher_Clave-Direction_Classification,4/23/2015,N/A,Multivariate,Other,Classification,-,10800,20
E. Coli Genes,7/13/2001,N/A,Relational,Biology,-,-,-,-
LastFM Asia Social Network,8/21/2020,N/A,Multivariate,Social Science,Classification,-,7624,7842
OCT data & Color Fundus Images of Left & Right Eyes,10/31/2016,N/A,Multivariate,Computer Science,Classification,Real,50,-
DBWorld e-mails,11/5/2011,N/A,Text,Computer Science,Classification,-,64,4702
Opinosis Opinion / Review,7/5/2010,N/A,Text,Computer Science,Classification,-,51,-
M. Tuberculosis Genes,7/13/2001,N/A,Relational,Biology,-,-,-,-
NYSK,10/10/2013,N/A,"Multivariate, Sequential, Text",Social Science,Clustering,-,10421,7
Vicon Physical Action Data Set,7/26/2011,N/A,Time-Series,Health and Medicine,Classification,Real,3000,-
Youtube cookery channels viewers comments in Hinglish,7/2/2019,N/A,"Multivariate, Text",Computer Science,Classification,-,9800,3
chipseq,2/20/2018,N/A,Sequential,Biology,Classification,Integer,4960,-
Newspaper and magazine images segmentation dataset,7/14/2014,N/A,-,Computer Science,Classification,-,101,-
MoCap Hand Postures,11/21/2016,N/A,Multivariate,Computer Science,"Classification, Clustering","Integer, Real",78095,-
Pioneer-1 Mobile Robot Data,1/27/1999,N/A,"Multivariate, Time-Series",Computer Science,-,"Categorical, Real",-,-
QtyT40I10D100K,10/20/2012,N/A,Sequential,Business,Other,Integer,3960456,-
Pseudo Periodic Synthetic Time Series,2/7/1999,N/A,"Univariate, Time-Series",Other,-,-,100000,-
NIPS Conference Papers 1987-2015,11/22/2016,N/A,Text,Computer Science,Clustering,Integer,11463,5812
BLE RSSI dataset for Indoor localization,5/28/2019,N/A,"Sequential, Time-Series",Computer Science,Classification,Integer,23570,5
Nasarian CAD Dataset,2/27/2020,N/A,Multivariate,Health and Medicine,Classification,-,150,52
PubChem Bioassay Data,3/28/2011,N/A,Multivariate,Biology,Classification,"Integer, Real",-,-
QSAR androgen receptor,9/30/2019,N/A,Multivariate,Physics and Chemistry,Classification,-,1687,1024
KDC-4007 dataset Collection,4/26/2017,N/A,"Multivariate, Text",Computer Science,"Classification, Regression",Integer,4007,-
An eye on the vine - a dataset for fungi segmentation in microscopic vine wood images,3/3/2024,N/A,Image,Biology,Classification,Real,1308,-
Connectionist Bench (Nettalk Corpus),10/10/1954,N/A,Multivariate,Other,-,Categorical,20008,-
Russian Corpus of Biographical Texts,6/2/2020,N/A,Text,Other,Classification,-,200,2
Miskolc IIS Hybrid IPS,7/3/2016,N/A,Text,Computer Science,"Classification, Clustering, Causal-Discovery",Integer,1540,-
Coil 1999 Competition Data,9/8/1999,N/A,Multivariate,Physics and Chemistry,-,"Categorical, Real",340,-
UJI Pen Characters,5/31/2007,N/A,"Multivariate, Sequential",Computer Science,Classification,Integer,1364,-
MSNBC.com Anonymous Web Data,N/A,N/A,Sequential,Computer Science,-,Categorical,989818,-
AAAI 2014 Accepted Papers,7/29/2014,N/A,Multivariate,Computer Science,Clustering,-,399,-
MEU-Mobile KSD,5/13/2016,N/A,Multivariate,Computer Science,Classification,"Integer, Real",2856,-
UbiqLog (smartphone lifelogging),6/15/2016,N/A,Multivariate,Computer Science,Causal-Discovery,-,9782222,-
chestnut - LARVIC,5/29/2017,N/A,Multivariate,Computer Science,"Classification, Clustering",-,1451,3
Mturk User-Perceived Clusters over Images,11/1/2016,N/A,"Multivariate, Text",Computer Science,Clustering,Integer,180,-
University of Tehran Question Dataset 2016 (UTQD.2016),9/26/2017,N/A,Text,Other,Classification,-,1175,3
TTC-3600: Benchmark dataset for Turkish text categorization,2/7/2017,N/A,Text,Computer Science,"Classification, Clustering",Integer,3600,4814
Discrete Tone Image Dataset,1/19/2018,N/A,Multivariate,Computer Science,Classification,-,71,11
Opinion Corpus for Lebanese Arabic Reviews (OCLAR),6/16/2019,N/A,Text,Computer Science,Classification,Integer,3916,3916
Reuters Transcribed Subset,3/7/2008,N/A,Text,Business,Classification,-,200,-
"USPTO Algorithm Challenge, run by NASA-Harvard Tournament Lab and TopCoder    Problem: Pat",10/12/2013,N/A,Domain-Theory,Other,Classification,Integer,306,5
ICMLA 2014 Accepted Papers Data Set,2/18/2018,N/A,Multivariate,Other,"Classification, Clustering",-,105,-
Badges,8/31/1994,N/A,"Univariate, Text",Other,Classification,-,294,-
PMU-UD,8/4/2018,N/A,Univariate,Computer Science,Classification,-,5180,9
NSF Research Award Abstracts 1990-2003,11/17/2003,N/A,Text,Other,-,-,129000,-
AAAI 2013 Accepted Papers,7/29/2014,N/A,Multivariate,Computer Science,Clustering,-,150,-
Abscisic Acid Signaling Network,4/2/2008,N/A,Multivariate,Biology,Causal-Discovery,Integer,300,43
Northix,8/14/2012,N/A,"Multivariate, Univariate, Text",Computer Science,Classification,"Integer, Real",115,200
IIWA14-R820-Gazebo-Dataset-10Trajectories,6/8/2020,N/A,-,Computer Science,Regression,Integer,-,-
Function Finding,8/31/1990,N/A,-,Physics and Chemistry,Function-Learning,Real,352,-
UJI Pen Characters (Version 2),1/21/2009,N/A,"Multivariate, Sequential",Computer Science,Classification,Integer,11640,-
BAUM-2,11/8/2018,N/A,Time-Series,Computer Science,Classification,-,1047,-
Qualitative Structure Activity Relationships,N/A,N/A,Domain-Theory,Physics and Chemistry,-,-,-,-
DGP2 - The Second Data Generation Program,N/A,N/A,Data-Generator,Other,-,Real,-,-
Sattriya_Dance_Single_Hand_Gestures Dataset,7/21/2019,N/A,Multivariate,Computer Science,Classification,-,1450,-
Logic Theorist,N/A,N/A,Domain-Theory,Computer Science,-,-,-,-
AutoUniv,11/2/2010,N/A,Multivariate,Other,Classification,"Categorical, Integer, Real",-,-
Undocumented,N/A,N/A,-,Other,-,-,-,-
Document Understanding,10/31/1994,N/A,-,Other,-,-,-,-
Othello Domain Theory,1/31/1991,N/A,Domain-Theory,Games,-,-,-,-
Moral Reasoner,5/31/1994,N/A,Domain-Theory,Computer Science,-,-,202,-
EBL Domain Theories,N/A,N/A,-,Computer Science,-,-,-,-
Prodigy,N/A,N/A,Domain-Theory,Other,-,-,-,-
